"Timepoint","pathway_rows","pathways_with_bh_below_0.05","source_package_version","source_collection"
"during_20_min",4729,63,"2.0.8","c2.0"
"during_40_min",4729,56,"2.0.8","c2.0"
"post_10_min",4729,89,"2.0.8","c2.0"
"post_15_30_45_min",4729,634,"2.0.8","c2.0"
"post_3.5_4_hr",4729,562,"2.0.8","c2.0"
"post_24_hr",4729,0,"2.0.8","c2.0"
